SET
 month_start | days_in_data | baskets | active_households | revenue | mom_growth_pct | revenue_per_day 
-------------+--------------+---------+-------------------+---------+----------------+-----------------
 2010-01-01  |           31 |    1968 |               535 |   57100 |                |            1842
 2010-02-01  |           28 |    3797 |               932 |  108534 |           90.1 |            3876
 2010-03-01  |           31 |    7640 |              1547 |  209135 |           92.7 |            6746
 2010-04-01  |           30 |   11139 |              2129 |  297721 |           42.4 |            9924
 2010-05-01  |           31 |   12248 |              1993 |  322997 |            8.5 |           10419
 2010-06-01  |           30 |   11645 |              1992 |  321157 |           -0.6 |           10705
 2010-07-01  |           31 |   11434 |              1976 |  323055 |            0.6 |           10421
 2010-08-01  |           31 |   11643 |              2000 |  334820 |            3.6 |           10801
 2010-09-01  |           30 |   11454 |              2000 |  341671 |            2.0 |           11389
 2010-10-01  |           31 |   11619 |              1997 |  350198 |            2.5 |           11297
 2010-11-01  |           30 |   11634 |              1977 |  349122 |           -0.3 |           11637
 2010-12-01  |           31 |   11821 |              1984 |  348291 |           -0.2 |           11235
 2011-01-01  |           31 |   11792 |              1995 |  347793 |           -0.1 |           11219
 2011-02-01  |           28 |   10994 |              2014 |  324576 |           -6.7 |           11592
 2011-03-01  |           31 |   12265 |              2019 |  359253 |           10.7 |           11589
 2011-04-01  |           30 |   11855 |              2032 |  335343 |           -6.7 |           11178
 2011-05-01  |           31 |   12269 |              2043 |  353584 |            5.4 |           11406
 2011-06-01  |           30 |   11303 |              2000 |  333808 |           -5.6 |           11127
 2011-07-01  |           31 |   11740 |              2017 |  338927 |            1.5 |           10933
 2011-08-01  |           31 |   12128 |              2079 |  374969 |           10.6 |           12096
 2011-09-01  |           30 |   11406 |              2011 |  353513 |           -5.7 |           11784
 2011-10-01  |           31 |   11790 |              2051 |  381433 |            7.9 |           12304
 2011-11-01  |           30 |   11147 |              2032 |  376626 |           -1.3 |           12554
 2011-12-01  |           12 |    4229 |              1575 |  132213 |          -64.9 |           11018
(24 rows)

 store_rank | store_id | revenue | baskets | households | avg_basket_value | pct_of_total_revenue 
------------+----------+---------+---------+------------+------------------+----------------------
          1 |      367 |  234617 |    6452 |        252 |            36.36 |                 3.18
          2 |      406 |  177483 |    4154 |        115 |            42.73 |                 2.41
          3 |      356 |  136773 |    4242 |        111 |            32.24 |                 1.85
          4 |      381 |  131827 |    5031 |        278 |            26.20 |                 1.79
          5 |      292 |  129379 |    3960 |        194 |            32.67 |                 1.75
          6 |      361 |  121565 |    4294 |         87 |            28.31 |                 1.65
          7 |    31782 |  120793 |    4480 |        137 |            26.96 |                 1.64
          8 |    32004 |  116207 |    4094 |        163 |            28.38 |                 1.58
          9 |      343 |  113764 |    3981 |        215 |            28.58 |                 1.54
         10 |      427 |  107977 |    3369 |        135 |            32.05 |                 1.46
(10 rows)

        category        | revenue | revenue_share_pct | pct_of_baskets_containing 
------------------------+---------+-------------------+---------------------------
 SOFT DRINKS            |  327647 |              4.44 |                      28.5
 BEEF                   |  312103 |              4.23 |                      14.6
 FLUID MILK PRODUCTS    |  205356 |              2.78 |                      27.6
 CHEESE                 |  189528 |              2.57 |                      18.7
 FRZN MEAT/MEAT DINNERS |  160517 |              2.18 |                       9.1
 BAG SNACKS             |  148375 |              2.01 |                      16.7
 BEERS/ALES             |  147344 |              2.00 |                       6.2
 FROZEN PIZZA           |  146037 |              1.98 |                       9.2
 BAKED BREAD/BUNS/ROLLS |  145931 |              1.98 |                      24.0
 COLD CEREAL            |  111702 |              1.51 |                      10.0
 DELI MEATS             |  106540 |              1.44 |                       6.8
 CIGARETTES             |   96388 |              1.31 |                       4.4
 CHICKEN                |   94343 |              1.28 |                       6.0
 LUNCHMEAT              |   93066 |              1.26 |                       9.4
 PORK                   |   90279 |              1.22 |                       4.9
(15 rows)

  department   | revenue | revenue_share_pct 
---------------+---------+-------------------
 GROCERY       | 4089250 |              55.4
 DRUG GM       | 1055173 |              14.3
 PRODUCE       |  557450 |               7.6
 MEAT          |  548787 |               7.4
 MEAT-PCKGD    |  412437 |               5.6
 DELI          |  260867 |               3.5
 PASTRY        |  121740 |               1.7
 NUTRITION     |   97669 |               1.3
 SEAFOOD-PCKGD |   63094 |               0.9
 FLORAL        |   39653 |               0.5
(10 rows)

 baskets | avg_basket_value | median_basket_value | avg_items | median_items | largest_basket 
---------+------------------+---------------------+-----------+--------------+----------------
  250960 |            29.39 |               15.76 |      10.1 |            5 |         681.58
(1 row)

 households | avg_baskets_per_hh | median_baskets_per_hh | avg_spend_per_hh | pct_2plus_baskets | pct_20plus_baskets 
------------+--------------------+-----------------------+------------------+-------------------+--------------------
       2500 |              100.4 |                    73 |             2950 |              99.8 |               88.5
(1 row)

 spend_decile | households | revenue | pct_of_revenue 
--------------+------------+---------+----------------
            1 |        250 | 2467561 |           33.5
            2 |        250 | 1378704 |           18.7
            3 |        250 | 1013139 |           13.7
            4 |        250 |  743219 |           10.1
            5 |        250 |  579843 |            7.9
            6 |        250 |  450343 |            6.1
            7 |        250 |  329060 |            4.5
            8 |        250 |  227617 |            3.1
            9 |        250 |  134465 |            1.8
           10 |        250 |   51889 |            0.7
(10 rows)

 hour_of_day | baskets | pct_of_baskets | avg_basket_value 
-------------+---------+----------------+------------------
           0 |    2045 |            0.8 |            23.83
           1 |     993 |            0.4 |            23.29
           2 |    1115 |            0.4 |            13.34
           3 |     488 |            0.2 |            21.21
           4 |     368 |            0.1 |            21.68
           5 |     515 |            0.2 |            16.95
           6 |    1526 |            0.6 |            13.15
           7 |    3056 |            1.2 |            16.05
           8 |    4719 |            1.9 |            20.77
           9 |    7068 |            2.8 |            26.22
          10 |   10501 |            4.2 |            30.48
          11 |   14315 |            5.7 |            31.78
          12 |   16513 |            6.6 |            32.32
          13 |   17376 |            6.9 |            33.45
          14 |   17939 |            7.1 |            32.90
          15 |   19650 |            7.8 |            31.38
          16 |   22658 |            9.0 |            30.44
          17 |   25148 |           10.0 |            30.47
          18 |   23725 |            9.5 |            30.00
          19 |   20264 |            8.1 |            29.44
          20 |   16442 |            6.6 |            27.87
          21 |   12391 |            4.9 |            25.51
          22 |    7956 |            3.2 |            23.33
          23 |    4189 |            1.7 |            21.12
(24 rows)

